&title=真千年女王
&artist=しらいし
&first=0
&des=Cryst

&lv_4=13+
&inote_4=(160){4},,,,,,,,1h[1:1],
8,8,8,
8h[1:1],2,2,2,
4h[1:1],6,6,6,
8h[1:1],1,1,1,
4-1[4:3],6,6,6,
8h[1:1],1,1,1,
2-6[4:3],7,7,7,
5h[1:1],1,1,1,
{8}2,3,4/5,5,5/7,5,5/2,5,
5/8,5,5/3,5,5/7,5,{4}5/1,
{8}7/8,6,5/4,4,4/2,4,4/7,4,
4/1,4,4/6,4,4/2,4,{4}4/8,
{8}7/8,7/8,6/1,1,1/3,1,1/7,1,
1/4,1,1/8,1,1/3,1,{4}1/5,
{8}2/1,2/1,3/8,8,8/6,8,8/2,8,
8/5,8,8/1,8,8/6,8,{4}8b/4b,
{8}4/6,4,5/3,5,6/4,4,7/5,7,
8/1,6,8/1,5,8/1,4,8/1,3,
4/6,4,4/5,5,5/3,3,6/3,6,
6/2,1,8,7,6,5,4,3,
5/3,5,4/6,4,3/5,5,2/4,2,
1/8,3,1/8,4,1/8,5,1/8,6,
5/3,5,5/4,4,4/6,6,3/6,3,
3/7,8,1,2,3,4,5,6,
{16}4,5,4,5,{4}4,{8}6,5,3,4,
4/5,{16}6,5,{8}6,{16}4,5,{8}4,{16}6,5,{8}6,{16}4,5,
{4}4,5/4,{8}5,6,7/3,4,
5,6,7/3,4,5,6,7/3,4,
{16}5,4,5,4,{4}5,{8}3,4,6,5,
5/4,{16}3,4,{8}3,{16}5,4,{8}5,{16}3,4,{8}3,{16}5,4,
{4}5,4/5,{8}4,3,2/6,5,
4,3,2/6,5,4,3,2/6,5,
{12}3b,4,3,5,4,5,3b,4,3,5,4,5,
4b,5,4,6,5,6,4b,5,4,6,5,6,
{4}3h[4:1],4h[4:1],5h[4:1],6h[4:1],
{8}3,4,3/6,5,6/3,4,3/6,5,
{12}6b,5,6,4,5,4,6b,5,6,4,5,4,
5b,4,5,3,4,3,5b,4,5,3,4,3,
{4}6h[4:1],5h[4:1],4h[4:1],3h[4:1],
{2}7h[4:3],1-5[8:1],
{1}8<3[2:3],
,1>6[2:3],
{4},,,,5,
5,5,5,
6,6,6,6,
7,7,7,7,
{2}8h[4:1],8-4[8:1],
{12}3,4,2,6,5,7,3,4,2,6,5,7,
3,4,2,6,5,7,2,3,2,7,6,7,
3,4,3,6,5,6,3,4,3,6,5,6,
3,4,3,6,5,6,3,2,3,6,7,6,
4,5,3,5,4,6,4,5,3,5,4,6,
4,5,3,5,4,6,4,3,4,5,6,5,
2,3,4,8,7,6,1,2,3,7,6,5,
3,4,5,6,5,4,{4}2-5[8:1]*-6[8:1],2b,
{12}6,5,7,3,4,2,6,5,7,3,4,2,
6,5,7,3,4,2,7,6,7,2,3,2,
6,5,6,3,4,3,6,5,6,3,4,3,
6,5,6,3,4,3,6,7,6,3,2,3,
5,4,6,4,5,3,5,4,6,4,5,3,
5,4,6,4,5,3,5,6,5,4,3,4,
7,6,5,1,2,3,8,7,6,2,3,4,
6,5,4,3,4,5,6,7,8,1,2,3,
7b,4,4,1,5,5,8b,4,4,2,5,5,
6b,4,4,2,5,5,7b,4,4,3,5,5,
{4}6h[4:1],8h[4:1],1h[4:1],8h[4:1],
{8}7,7,8/7,8,1/8,1,2/1,2,
{12}2b,5,5,8,4,4,1b,5,5,7,4,4,
3b,5,5,7,4,4,2b,5,5,6,4,4,
{4}3h[4:1],1h[4:1],8h[4:1],1h[4:1],
{2}8-4[8:1],8p4[8:1]*q4[8:1],
{12}3,4,1,6,5,8,3,4,1,6,5,8,
3,4,1,6,5,8,3,2,4,6,7,5,
2,4,3,7,5,6,2,4,3,7,5,6,
2,4,3,7,5,6,2,3,2,8,7,8,
2,1,2,7,8,7,2,1,2,7,8,7,
2,1,2,7,8,7,2,2,2,7,7,7,
1,5,1,6,2,6,3,7,3,8,4,8,
3,7,3,6,2,6,1,5,1,5b,,,6,
5,8,3,4,1,6,5,8,3,4,1,
6,5,8,3,4,1,6,7,5,3,2,4,
7,5,6,2,4,3,7,5,6,2,4,3,
7,5,6,2,4,3,7,6,7,1,2,1,
7,8,7,2,1,2,7,8,7,2,1,2,
7,8,7,2,1,2,7,7,7,2,2,2,
8,4,8,3,7,3,6,2,6,1,5,1,
6,2,6,3,7,3,8,4,8,4b,{24},,,,{8}7/8,
6,5/4,4,4/2,4,4/7,4,
4/1,4,4/6,4,4/2,4,4/8,3,
2/1,3,4/5,5,5/7,5,5/2,5,
5/8,5,5/3,5,5/7,5,5/1,6,
8/7,8/7,6/1,1,1/3,1,1/7,1,
1/4,1,1/8,1,1/3,1,1/5,2,
2/1,2/1,3/8,8,8/6,8,8/2,8,
8/5,8,8/1,8,8/6,8,{4}8b/4b,
{16}1,7,1,7,2,6,2,6,3,5,3,5,4,6,4,6,
3,7,3,7,4,8,4,8,5,7,4,6,3,5,2,4,
{1}1,
E
